Lfh: 70.29220581054688
Lnu: 215.75806206258414
omega: 0.006181098945635793
beta: 92.10340118408203
gamma: 0.059323186155243554
